Yd = inv(Nmat)*Lmat
-0.5664218549
   -2.0863931
  2.520051894
 -19.36917129
 -23.20820976
 -6.922160837
 -16.68793704
 -4.214450954
  31.76170799
 -2.757208396
  -4.69418542
  3.872576818
 -6.496618833
  9.048503621
  4.495258999
-0.4866041573
  5.915798667
***colPivHouseholderQr***
-0.5664218549
   -2.0863931
  2.520051894
 -19.36917129
 -23.20820976
 -6.922160837
 -16.68793704
 -4.214450954
  31.76170799
 -2.757208396
  -4.69418542
  3.872576818
 -6.496618833
  9.048503621
  4.495258999
-0.4866041573
  5.915798667

